02:30:39 AM kbmemfree kbmemused  %memused kbbuffers  kbcached  kbcommit   %commit  kbactive   kbinact   kbdirty
02:30:41 AM    163372    835100     83.64      2780    164876   8775608    429.13    161600    247056        92
02:30:43 AM    163372    835100     83.64      2788    164868   8775608    429.13    161600    247056        92
02:30:45 AM    163372    835100     83.64      2788    164876   8775608    429.13    161612    247056       120
02:30:47 AM    163380    835092     83.64      2792    164876   8775608    429.13    161616    247056        36
02:30:49 AM    163380    835092     83.64      2792    164876   8775608    429.13    161616    247056        36
02:30:51 AM    163380    835092     83.64      2800    164868   8775608    429.13    161616    247056        36
02:30:53 AM    163380    835092     83.64      2800    164876   8775608    429.13    161624    247056        60
02:30:55 AM    163368    835104     83.64      2800    164876   8775608    429.13    161624    247056        60
02:30:57 AM    163368    835104     83.64      2800    164876   8775608    429.13    161620    247056        60
02:30:59 AM    163368    835104     83.64      2800    164876   8775608    429.13    161624    247056        60
Average:       163374    835098     83.64      2794    164874   8775608    429.13    161615    247056        65
